[456.44186104 402.72005312 409.2531539  591.4310343  590.01437275
 548.82396607 577.59737969 715.44428115 473.7893446  545.9211364
 337.8580314  500.38506697 552.93478041 409.6038964  765.52590754
 545.83973731 693.25969124 507.32416226 573.10533175 573.2076631
 397.44989709 555.0985107  458.19868141 482.66899911 559.2655959
 413.00946082 532.25727408 377.65464817 535.0209653  447.80070905
 595.54339577 667.14347072 511.96042791 573.30433971 505.02260887
 565.30254655 460.38785393 449.74727868 422.87193429 456.55615271
 598.10493696 449.64517443 615.34948995 511.88078685 504.37568058
 515.95249276 568.64597718 551.61444684 356.5552241  464.9759817
 481.66007708 534.2220025  256.28674001 505.30810714 520.01844434
 315.0298707  501.98080155 387.03842642 472.97419543 432.8704675
 539.79082198 590.03070739 752.86997652 558.27858232 523.71988382
 431.77690078 425.38411902 518.75571466 641.9667215  481.84855126
 549.69830187 380.93738919 555.18178277 403.43054276 472.52458887
 501.82927633 473.5561656  456.76720365 554.74980563 702.96835044
 534.68884588 619.18843136 500.11974127 559.43899225 574.8730604
 505.09183544 529.9537559  479.20749452 424.78407899 452.20986599
 525.74178343 556.60674724 425.7142882  588.8473985  490.77053065
 562.56866231 495.75782933 445.17937217 456.64011682 537.98437395
 367.06451757 421.12767301 551.59651363 528.26019754 493.47639211
 495.28105313 519.81827269 461.15666582 528.8711677  442.89818166
 543.20201646 350.07871481 401.49148567 606.87291134 577.04816561
 524.50431281 554.11225704 507.93347015 505.35674292 371.65146821
 342.37232987 634.43998975 523.46931378 532.7831345  574.59948331
 435.57455636 599.92586678 487.24017405 457.66383406 425.25959495
 331.81731213 443.70458331 563.47279005 466.14764208 463.51837671
 381.29445432 411.88795623 473.48087683 573.31745784 417.55430913
 543.50149858 547.81091537 547.62977348 450.99057409 561.50896321
 478.30076589 484.41029555 457.59099941 411.52657592 375.47900638]

MAE 7.22814865343082

MSE 79.81305165097419

RMSE 8.93381506697862

0.9890771231889607

[25.98154972 38.59015875  0.19040528 61.27909654]


                          coeff
Avg. Session Length   25.981550
Time on App           38.590159
Time on Website        0.190405
Length of Membership  61.279097























